xflr5 v6.61

 Calculated polar for: S1210 12%

 1 1 Reynolds number fixed          Mach number fixed         

 xtrf =   1.000 (top)        1.000 (bottom)
 Mach =   0.000     Re =     0.100 e 6     Ncrit =   9.000

  alpha     CL        CD       CDp       Cm    Top Xtr Bot Xtr   Cpmin    Chinge    XCp    
 ------- -------- --------- --------- -------- ------- ------- -------- --------- ---------
  -3.500   0.4008   0.02562   0.01839  -0.2019  0.8832  0.0701  -1.8864   0.0000   0.0000   0.0000   0.7604
  -3.000   0.5065   0.02210   0.01470  -0.2103  0.8664  0.0817  -1.6046   0.0000   0.0000   0.0000   0.6698
  -2.000   0.6992   0.02162   0.01501  -0.2206  0.8205  0.3943  -1.0315   0.0000   0.0000   0.0000   0.5675
  -1.500   0.7891   0.02093   0.01382  -0.2268  0.7892  0.4225  -0.9799   0.0000   0.0000   0.0000   0.5384
  -1.000   0.8758   0.02048   0.01280  -0.2333  0.7595  0.4426  -1.0376   0.0000   0.0000   0.0000   0.5166
  -0.500   0.9481   0.02042   0.01237  -0.2367  0.7335  0.4575  -1.0882   0.0000   0.0000   0.0000   0.4990
   0.000   1.0159   0.02060   0.01225  -0.2392  0.7120  0.4721  -1.1382   0.0000   0.0000   0.0000   0.4841
   0.500   1.0785   0.02096   0.01244  -0.2407  0.6926  0.4889  -1.1872   0.0000   0.0000   0.0000   0.4711
   1.000   1.1433   0.02140   0.01269  -0.2427  0.6764  0.5095  -1.2409   0.0000   0.0000   0.0000   0.4594
   1.500   1.2039   0.02198   0.01322  -0.2438  0.6617  0.5349  -1.3077   0.0000   0.0000   0.0000   0.4489
   2.000   1.2610   0.02265   0.01397  -0.2441  0.6478  0.5655  -1.3755   0.0000   0.0000   0.0000   0.4393
   2.500   1.3176   0.02338   0.01480  -0.2443  0.6348  0.6083  -1.4545   0.0000   0.0000   0.0000   0.4304
   3.000   1.3716   0.02411   0.01569  -0.2438  0.6222  0.6684  -1.5543   0.0000   0.0000   0.0000   0.4220
   3.500   1.4182   0.02473   0.01660  -0.2416  0.6085  0.7594  -1.6636   0.0000   0.0000   0.0000   0.4138
   4.000   1.4525   0.02497   0.01709  -0.2370  0.5951  1.0000  -1.7622   0.0000   0.0000   0.0000   0.4059
   4.500   1.5108   0.02619   0.01825  -0.2380  0.5806  1.0000  -1.8979   0.0000   0.0000   0.0000   0.3995
   5.000   1.5627   0.02735   0.01944  -0.2374  0.5655  1.0000  -2.0306   0.0000   0.0000   0.0000   0.3930
   5.500   1.6133   0.02828   0.02041  -0.2362  0.5485  1.0000  -2.1653   0.0000   0.0000   0.0000   0.3867
   6.000   1.6671   0.02889   0.02099  -0.2354  0.5311  1.0000  -2.3119   0.0000   0.0000   0.0000   0.3806
   6.500   1.7126   0.02973   0.02196  -0.2331  0.5119  1.0000  -2.4534   0.0000   0.0000   0.0000   0.3747
   7.000   1.7620   0.03018   0.02245  -0.2314  0.4921  1.0000  -2.6050   0.0000   0.0000   0.0000   0.3690
   7.500   1.8036   0.03087   0.02331  -0.2284  0.4707  1.0000  -2.7458   0.0000   0.0000   0.0000   0.3633
   8.000   1.8470   0.03127   0.02381  -0.2255  0.4482  1.0000  -2.8935   0.0000   0.0000   0.0000   0.3578
   8.500   1.8833   0.03176   0.02445  -0.2214  0.4227  1.0000  -3.0396   0.0000   0.0000   0.0000   0.3523
   9.000   1.9088   0.03252   0.02542  -0.2155  0.3930  1.0000  -3.1675   0.0000   0.0000   0.0000   0.3467
   9.500   1.9251   0.03353   0.02655  -0.2081  0.3598  1.0000  -3.2797   0.0000   0.0000   0.0000   0.3409
  10.000   1.9246   0.03536   0.02841  -0.1983  0.3250  1.0000  -3.3676   0.0000   0.0000   0.0000   0.3349
  10.500   1.9205   0.03841   0.03138  -0.1891  0.2905  1.0000  -3.4482   0.0000   0.0000   0.0000   0.3293
  11.000   1.9203   0.04236   0.03519  -0.1816  0.2606  1.0000  -3.7132   0.0000   0.0000   0.0000   0.3244
  11.500   1.9274   0.04659   0.03933  -0.1759  0.2366  1.0000  -4.0176   0.0000   0.0000   0.0000   0.3201
  12.000   1.9465   0.05057   0.04324  -0.1720  0.2174  1.0000  -4.3890   0.0000   0.0000   0.0000   0.3161
  12.500   1.9675   0.05466   0.04741  -0.1686  0.2021  1.0000  -4.7791   0.0000   0.0000   0.0000   0.3124
  13.000   1.9904   0.05878   0.05172  -0.1656  0.1897  1.0000  -5.1883   0.0000   0.0000   0.0000   0.3088
  13.500   2.0172   0.06281   0.05589  -0.1632  0.1790  1.0000  -5.6327   0.0000   0.0000   0.0000   0.3054
  14.000   2.0271   0.06773   0.06116  -0.1597  0.1702  1.0000  -5.9900   0.0000   0.0000   0.0000   0.3022
  14.500   2.0201   0.07415   0.06810  -0.1559  0.1630  1.0000  -6.2465   0.0000   0.0000   0.0000   0.2994
  15.000   2.0313   0.07933   0.07353  -0.1536  0.1550  1.0000  -6.6247   0.0000   0.0000   0.0000   0.2967


