xflr5 v6.61

 Calculated polar for: CLARK Y AIRFOIL

 1 1 Reynolds number fixed          Mach number fixed         

 xtrf =   1.000 (top)        1.000 (bottom)
 Mach =   0.000     Re =     0.100 e 6     Ncrit =   9.000

  alpha     CL        CD       CDp       Cm    Top Xtr Bot Xtr   Cpmin    Chinge    XCp    
 ------- -------- --------- --------- -------- ------- ------- -------- --------- ---------
  -4.500  -0.3336   0.03559   0.02829  -0.0546  0.9779  0.1025  -2.1294   0.0000   0.0000   0.0000   0.0792
  -4.000  -0.2568   0.03084   0.02252  -0.0599  0.9673  0.1024  -1.9954   0.0000   0.0000   0.0000   0.0084
  -3.500  -0.1790   0.02789   0.01873  -0.0643  0.9558  0.1048  -1.8540   0.0000   0.0000   0.0000  -0.1199
  -3.000  -0.1031   0.02592   0.01659  -0.0686  0.9437  0.1145  -1.6766   0.0000   0.0000   0.0000  -0.4313
  -2.500  -0.0276   0.02429   0.01498  -0.0725  0.9313  0.1320  -1.5068   0.0000   0.0000   0.0000  -2.4238
  -2.000   0.0464   0.02262   0.01386  -0.0763  0.9186  0.2079  -1.3642   0.0000   0.0000   0.0000   1.9185
  -1.500   0.1071   0.02072   0.01361  -0.0777  0.9029  0.5369  -1.1872   0.0000   0.0000   0.0000   0.9832
  -1.000   0.2127   0.01944   0.01311  -0.0842  0.8878  1.0000  -0.9177   0.0000   0.0000   0.0000   0.6481
  -0.500   0.3043   0.01886   0.01208  -0.0900  0.8707  1.0000  -0.6814   0.0000   0.0000   0.0000   0.5459
   0.000   0.3656   0.01880   0.01174  -0.0905  0.8513  1.0000  -0.6979   0.0000   0.0000   0.0000   0.4967
   0.500   0.4329   0.01849   0.01120  -0.0917  0.8341  1.0000  -0.7569   0.0000   0.0000   0.0000   0.4602
   1.000   0.4904   0.01834   0.01088  -0.0910  0.8139  1.0000  -0.8111   0.0000   0.0000   0.0000   0.4334
   1.500   0.5539   0.01790   0.01030  -0.0910  0.7954  1.0000  -0.8710   0.0000   0.0000   0.0000   0.4116
   2.000   0.6080   0.01773   0.01002  -0.0895  0.7720  1.0000  -0.9266   0.0000   0.0000   0.0000   0.3940
   2.500   0.6632   0.01751   0.00971  -0.0881  0.7474  1.0000  -0.9848   0.0000   0.0000   0.0000   0.3790
   3.000   0.7190   0.01728   0.00937  -0.0867  0.7208  1.0000  -1.0473   0.0000   0.0000   0.0000   0.3663
   3.500   0.7697   0.01727   0.00929  -0.0846  0.6884  1.0000  -1.1286   0.0000   0.0000   0.0000   0.3551
   4.000   0.8219   0.01729   0.00919  -0.0827  0.6533  1.0000  -1.2435   0.0000   0.0000   0.0000   0.3453
   4.500   0.8723   0.01750   0.00928  -0.0807  0.6146  1.0000  -1.3620   0.0000   0.0000   0.0000   0.3367
   5.000   0.9218   0.01796   0.00959  -0.0789  0.5762  1.0000  -1.4851   0.0000   0.0000   0.0000   0.3292
   5.500   0.9707   0.01863   0.01012  -0.0771  0.5412  1.0000  -1.6156   0.0000   0.0000   0.0000   0.3226
   6.000   1.0197   0.01938   0.01075  -0.0756  0.5100  1.0000  -1.7506   0.0000   0.0000   0.0000   0.3166
   6.500   1.0644   0.02014   0.01149  -0.0734  0.4773  1.0000  -1.8844   0.0000   0.0000   0.0000   0.3109
   7.000   1.1105   0.02092   0.01218  -0.0715  0.4476  1.0000  -2.0292   0.0000   0.0000   0.0000   0.3056
   7.500   1.1550   0.02188   0.01320  -0.0695  0.4208  1.0000  -2.2692   0.0000   0.0000   0.0000   0.3008
   8.000   1.1975   0.02291   0.01432  -0.0672  0.3935  1.0000  -2.5943   0.0000   0.0000   0.0000   0.2961
   8.500   1.2384   0.02402   0.01549  -0.0648  0.3647  1.0000  -2.9333   0.0000   0.0000   0.0000   0.2916
   9.000   1.2756   0.02528   0.01681  -0.0618  0.3329  1.0000  -3.2718   0.0000   0.0000   0.0000   0.2870
   9.500   1.3060   0.02666   0.01825  -0.0578  0.2966  1.0000  -3.6122   0.0000   0.0000   0.0000   0.2822
  10.000   1.3247   0.02803   0.01970  -0.0523  0.2579  1.0000  -3.9121   0.0000   0.0000   0.0000   0.2765
  10.500   1.3376   0.02953   0.02123  -0.0462  0.2246  1.0000  -4.1924   0.0000   0.0000   0.0000   0.2708
  11.000   1.3487   0.03147   0.02321  -0.0403  0.1983  1.0000  -4.4640   0.0000   0.0000   0.0000   0.2654
  11.500   1.3604   0.03383   0.02563  -0.0354  0.1768  1.0000  -4.7464   0.0000   0.0000   0.0000   0.2607
  12.000   1.3694   0.03659   0.02843  -0.0311  0.1580  1.0000  -5.0291   0.0000   0.0000   0.0000   0.2565
  12.500   1.3704   0.03998   0.03199  -0.0270  0.1392  1.0000  -5.2691   0.0000   0.0000   0.0000   0.2526
  13.000   1.3655   0.04435   0.03661  -0.0237  0.1202  1.0000  -5.4597   0.0000   0.0000   0.0000   0.2493
  13.500   1.3471   0.05053   0.04294  -0.0214  0.0983  1.0000  -5.5545   0.0000   0.0000   0.0000   0.2468
  14.000   1.3215   0.05846   0.05086  -0.0201  0.0776  1.0000  -5.5689   0.0000   0.0000   0.0000   0.2451
  14.500   1.3067   0.06594   0.05844  -0.0192  0.0644  1.0000  -5.6138   0.0000   0.0000   0.0000   0.2436
  15.000   1.3002   0.07281   0.06543  -0.0189  0.0567  1.0000  -5.7126   0.0000   0.0000   0.0000   0.2425


