xflr5 v6.61

 Calculated polar for: E214  (11.1%)

 1 1 Reynolds number fixed          Mach number fixed         

 xtrf =   1.000 (top)        1.000 (bottom)
 Mach =   0.000     Re =     0.100 e 6     Ncrit =   9.000

  alpha     CL        CD       CDp       Cm    Top Xtr Bot Xtr   Cpmin    Chinge    XCp    
 ------- -------- --------- --------- -------- ------- ------- -------- --------- ---------
  -4.500  -0.3007   0.04185   0.03567  -0.0747  0.9860  0.0906  -2.4445   0.0000   0.0000   0.0000  -0.0049
  -3.500  -0.1224   0.02854   0.02003  -0.0898  0.9676  0.0748  -2.1674   0.0000   0.0000   0.0000  -0.4972
  -3.000  -0.0459   0.02616   0.01731  -0.0939  0.9544  0.0848  -1.9024   0.0000   0.0000   0.0000  -1.8283
  -2.500   0.0314   0.02426   0.01550  -0.0982  0.9415  0.1133  -1.6780   0.0000   0.0000   0.0000   3.4173
  -2.000   0.1058   0.02174   0.01529  -0.1024  0.9295  0.6161  -1.4494   0.0000   0.0000   0.0000   1.2271
  -1.000   0.2108   0.02198   0.01557  -0.0976  0.8956  0.8234  -0.9260   0.0000   0.0000   0.0000   0.7154
  -0.500   0.2614   0.02145   0.01500  -0.0948  0.8808  0.9066  -0.6826   0.0000   0.0000   0.0000   0.6133
   0.000   0.3421   0.02121   0.01453  -0.1008  0.8629  1.0000  -0.5813   0.0000   0.0000   0.0000   0.5444
   0.500   0.4319   0.02108   0.01407  -0.1084  0.8492  1.0000  -0.6395   0.0000   0.0000   0.0000   0.4999
   1.000   0.5191   0.02070   0.01345  -0.1145  0.8364  1.0000  -0.7012   0.0000   0.0000   0.0000   0.4688
   1.500   0.6003   0.02034   0.01295  -0.1191  0.8222  1.0000  -0.7639   0.0000   0.0000   0.0000   0.4462
   2.000   0.6723   0.02012   0.01264  -0.1219  0.8051  1.0000  -0.8277   0.0000   0.0000   0.0000   0.4285
   2.500   0.7533   0.01950   0.01199  -0.1257  0.7906  1.0000  -0.9069   0.0000   0.0000   0.0000   0.4135
   3.000   0.8191   0.01939   0.01187  -0.1270  0.7704  1.0000  -0.9858   0.0000   0.0000   0.0000   0.4012
   3.500   0.8868   0.01922   0.01173  -0.1285  0.7499  1.0000  -1.0845   0.0000   0.0000   0.0000   0.3905
   4.000   0.9516   0.01915   0.01171  -0.1294  0.7269  1.0000  -1.1992   0.0000   0.0000   0.0000   0.3810
   4.500   1.0127   0.01921   0.01184  -0.1295  0.7013  1.0000  -1.3368   0.0000   0.0000   0.0000   0.3724
   5.000   1.0741   0.01928   0.01193  -0.1296  0.6743  1.0000  -1.5022   0.0000   0.0000   0.0000   0.3646
   5.500   1.1251   0.01960   0.01236  -0.1279  0.6422  1.0000  -1.7011   0.0000   0.0000   0.0000   0.3571
   6.000   1.1759   0.01986   0.01273  -0.1262  0.6079  1.0000  -1.9384   0.0000   0.0000   0.0000   0.3500
   6.500   1.2246   0.02012   0.01306  -0.1239  0.5705  1.0000  -2.3589   0.0000   0.0000   0.0000   0.3432
   7.000   1.2657   0.02050   0.01356  -0.1204  0.5270  1.0000  -2.8046   0.0000   0.0000   0.0000   0.3365
   7.500   1.3025   0.02100   0.01409  -0.1163  0.4776  1.0000  -3.2540   0.0000   0.0000   0.0000   0.3299
   8.000   1.3301   0.02182   0.01489  -0.1107  0.4186  1.0000  -3.6751   0.0000   0.0000   0.0000   0.3232
   8.500   1.3464   0.02319   0.01615  -0.1037  0.3476  1.0000  -4.0473   0.0000   0.0000   0.0000   0.3162
   9.000   1.3498   0.02537   0.01800  -0.0952  0.2726  1.0000  -4.3518   0.0000   0.0000   0.0000   0.3090
   9.500   1.3482   0.02849   0.02072  -0.0870  0.2070  1.0000  -4.6200   0.0000   0.0000   0.0000   0.3023
  10.000   1.3484   0.03223   0.02413  -0.0801  0.1585  1.0000  -4.9066   0.0000   0.0000   0.0000   0.2964
  10.500   1.3536   0.03628   0.02800  -0.0746  0.1225  1.0000  -5.2046   0.0000   0.0000   0.0000   0.2913
  11.000   1.3599   0.04051   0.03216  -0.0699  0.0950  1.0000  -5.4981   0.0000   0.0000   0.0000   0.2868
  11.500   1.3638   0.04520   0.03680  -0.0659  0.0728  1.0000  -5.7621   0.0000   0.0000   0.0000   0.2829
  12.000   1.3690   0.05031   0.04210  -0.0624  0.0559  1.0000  -5.9700   0.0000   0.0000   0.0000   0.2793
  12.500   1.3948   0.05618   0.04814  -0.0599  0.0445  1.0000  -6.1941   0.0000   0.0000   0.0000   0.2759
  13.000   1.4065   0.06190   0.05422  -0.0575  0.0387  1.0000  -6.4071   0.0000   0.0000   0.0000   0.2729
  13.500   1.4089   0.07002   0.06300  -0.0551  0.0364  1.0000  -6.4680   0.0000   0.0000   0.0000   0.2704
  14.000   1.3867   0.07920   0.07290  -0.0536  0.0358  1.0000  -6.4082   0.0000   0.0000   0.0000   0.2690
  14.500   1.3540   0.08985   0.08419  -0.0543  0.0357  1.0000  -6.2905   0.0000   0.0000   0.0000   0.2696
  15.000   1.3147   0.10211   0.09700  -0.0580  0.0359  1.0000  -6.1209   0.0000   0.0000   0.0000   0.2727


