xflr5 v6.61

 Calculated polar for: MH 32  8.7%

 1 1 Reynolds number fixed          Mach number fixed         

 xtrf =   1.000 (top)        1.000 (bottom)
 Mach =   0.000     Re =     0.100 e 6     Ncrit =   9.000

  alpha     CL        CD       CDp       Cm    Top Xtr Bot Xtr   Cpmin    Chinge    XCp    
 ------- -------- --------- --------- -------- ------- ------- -------- --------- ---------
  -4.500  -0.3694   0.03295   0.02603  -0.0385  1.0000  0.0543  -2.6837   0.0000   0.0000   0.0000   0.1425
  -4.000  -0.3260   0.02690   0.01915  -0.0368  1.0000  0.0507  -2.7363   0.0000   0.0000   0.0000   0.1336
  -3.500  -0.2757   0.02248   0.01386  -0.0349  1.0000  0.0510  -2.8011   0.0000   0.0000   0.0000   0.1199
  -3.000  -0.2266   0.01969   0.01068  -0.0330  1.0000  0.0658  -2.7610   0.0000   0.0000   0.0000   0.1007
  -2.500  -0.1801   0.01685   0.00840  -0.0316  1.0000  0.1437  -2.6418   0.0000   0.0000   0.0000   0.0709
  -2.000  -0.1456   0.01383   0.00812  -0.0273  1.0000  0.7239  -2.2790   0.0000   0.0000   0.0000   0.0586
  -1.500  -0.0882   0.01362   0.00780  -0.0278  1.0000  1.0000  -1.7074   0.0000   0.0000   0.0000  -0.0696
  -1.000  -0.0013   0.01454   0.00804  -0.0355  0.9859  1.0000  -1.0304   0.0000   0.0000   0.0000  -28.3228
  -0.500   0.0927   0.01533   0.00834  -0.0442  0.9658  1.0000  -0.4711   0.0000   0.0000   0.0000   0.7277
   0.000   0.1832   0.01588   0.00859  -0.0518  0.9443  1.0000  -0.4277   0.0000   0.0000   0.0000   0.5319
   1.000   0.3662   0.01611   0.00857  -0.0656  0.9003  1.0000  -0.5812   0.0000   0.0000   0.0000   0.4276
   1.500   0.4402   0.01590   0.00837  -0.0681  0.8727  1.0000  -0.6634   0.0000   0.0000   0.0000   0.4029
   2.000   0.5114   0.01545   0.00795  -0.0694  0.8463  1.0000  -0.7567   0.0000   0.0000   0.0000   0.3834
   2.500   0.5691   0.01507   0.00763  -0.0679  0.8141  1.0000  -0.8516   0.0000   0.0000   0.0000   0.3667
   3.000   0.6220   0.01476   0.00739  -0.0655  0.7770  1.0000  -0.9586   0.0000   0.0000   0.0000   0.3524
   3.500   0.6741   0.01450   0.00715  -0.0629  0.7355  1.0000  -1.0836   0.0000   0.0000   0.0000   0.3400
   4.000   0.7243   0.01447   0.00714  -0.0602  0.6860  1.0000  -1.2280   0.0000   0.0000   0.0000   0.3293
   4.500   0.7733   0.01472   0.00731  -0.0575  0.6298  1.0000  -1.4242   0.0000   0.0000   0.0000   0.3202
   5.000   0.8201   0.01527   0.00780  -0.0548  0.5661  1.0000  -1.6827   0.0000   0.0000   0.0000   0.3122
   5.500   0.8649   0.01603   0.00843  -0.0520  0.4968  1.0000  -2.1981   0.0000   0.0000   0.0000   0.3050
   6.000   0.9073   0.01704   0.00933  -0.0492  0.4220  1.0000  -2.7704   0.0000   0.0000   0.0000   0.2985
   6.500   0.9468   0.01836   0.01048  -0.0462  0.3428  1.0000  -3.3556   0.0000   0.0000   0.0000   0.2926
   7.000   0.9830   0.02007   0.01197  -0.0431  0.2624  1.0000  -3.9996   0.0000   0.0000   0.0000   0.2871
   7.500   1.0150   0.02225   0.01391  -0.0398  0.1843  1.0000  -4.6506   0.0000   0.0000   0.0000   0.2818
   8.000   1.0430   0.02537   0.01675  -0.0360  0.1151  1.0000  -5.2098   0.0000   0.0000   0.0000   0.2765
   9.000   1.1040   0.03420   0.02542  -0.0293  0.0485  1.0000  -6.0115   0.0000   0.0000   0.0000   0.2674
   9.500   1.1351   0.03995   0.03178  -0.0260  0.0368  1.0000  -6.1825   0.0000   0.0000   0.0000   0.2631
  10.000   1.1149   0.04213   0.03504  -0.0187  0.0335  1.0000  -6.0964   0.0000   0.0000   0.0000   0.2567
  10.500   1.1070   0.05125   0.04474  -0.0141  0.0314  1.0000  -6.1027   0.0000   0.0000   0.0000   0.2521
  11.000   1.0751   0.05829   0.05240  -0.0080  0.0311  1.0000  -6.0021   0.0000   0.0000   0.0000   0.2463
  11.500   1.0376   0.06719   0.06179  -0.0057  0.0312  1.0000  -5.8688   0.0000   0.0000   0.0000   0.2437
  12.000   0.9988   0.07821   0.07318  -0.0070  0.0315  1.0000  -5.7068   0.0000   0.0000   0.0000   0.2446


