xflr5 v6.61

 Calculated polar for: NACA 4412

 1 1 Reynolds number fixed          Mach number fixed         

 xtrf =   1.000 (top)        1.000 (bottom)
 Mach =   0.000     Re =     0.100 e 6     Ncrit =   9.000

  alpha     CL        CD       CDp       Cm    Top Xtr Bot Xtr   Cpmin    Chinge    XCp    
 ------- -------- --------- --------- -------- ------- ------- -------- --------- ---------
  -5.000  -0.3267   0.03672   0.02940  -0.0686  0.9767  0.0966  -2.5443   0.0000   0.0000   0.0000   0.0315
  -4.500  -0.2488   0.03219   0.02431  -0.0748  0.9632  0.1050  -2.3252   0.0000   0.0000   0.0000  -0.0609
  -4.000  -0.1673   0.02882   0.02010  -0.0806  0.9495  0.1185  -2.1043   0.0000   0.0000   0.0000  -0.2453
  -3.000  -0.0045   0.02505   0.01588  -0.0909  0.9211  0.1685  -1.5795   0.0000   0.0000   0.0000  -20.5001
  -2.500   0.0712   0.02371   0.01471  -0.0948  0.9050  0.2109  -1.3347   0.0000   0.0000   0.0000   1.5995
  -2.000   0.1447   0.02255   0.01377  -0.0980  0.8876  0.2764  -1.1077   0.0000   0.0000   0.0000   0.9346
  -1.500   0.2225   0.02098   0.01280  -0.1018  0.8729  0.3888  -0.8891   0.0000   0.0000   0.0000   0.7111
  -1.000   0.3043   0.01841   0.01213  -0.1038  0.8600  1.0000  -0.6845   0.0000   0.0000   0.0000   0.5925
  -0.500   0.3807   0.01795   0.01115  -0.1068  0.8439  1.0000  -0.6845   0.0000   0.0000   0.0000   0.5306
   0.000   0.4400   0.01783   0.01071  -0.1067  0.8219  1.0000  -0.7280   0.0000   0.0000   0.0000   0.4918
   0.500   0.5072   0.01745   0.01005  -0.1078  0.8042  1.0000  -0.7792   0.0000   0.0000   0.0000   0.4610
   1.000   0.5628   0.01749   0.00988  -0.1070  0.7816  1.0000  -0.8247   0.0000   0.0000   0.0000   0.4381
   1.500   0.6187   0.01761   0.00982  -0.1064  0.7599  1.0000  -0.8727   0.0000   0.0000   0.0000   0.4193
   2.000   0.6783   0.01764   0.00967  -0.1062  0.7408  1.0000  -0.9267   0.0000   0.0000   0.0000   0.4034
   2.500   0.7298   0.01809   0.01001  -0.1051  0.7187  1.0000  -0.9776   0.0000   0.0000   0.0000   0.3903
   3.000   0.7858   0.01841   0.01023  -0.1046  0.6996  1.0000  -1.0363   0.0000   0.0000   0.0000   0.3789
   3.500   0.8372   0.01898   0.01076  -0.1036  0.6791  1.0000  -1.0966   0.0000   0.0000   0.0000   0.3689
   4.000   0.8914   0.01949   0.01122  -0.1029  0.6605  1.0000  -1.1680   0.0000   0.0000   0.0000   0.3601
   4.500   0.9417   0.02017   0.01194  -0.1017  0.6405  1.0000  -1.2578   0.0000   0.0000   0.0000   0.3522
   5.000   0.9953   0.02075   0.01252  -0.1010  0.6219  1.0000  -1.4008   0.0000   0.0000   0.0000   0.3450
   5.500   1.0444   0.02149   0.01334  -0.0996  0.6011  1.0000  -1.5697   0.0000   0.0000   0.0000   0.3384
   6.000   1.0946   0.02216   0.01410  -0.0982  0.5803  1.0000  -1.7671   0.0000   0.0000   0.0000   0.3322
   6.500   1.1487   0.02257   0.01451  -0.0973  0.5586  1.0000  -1.9988   0.0000   0.0000   0.0000   0.3265
   7.000   1.1971   0.02300   0.01501  -0.0953  0.5327  1.0000  -2.2418   0.0000   0.0000   0.0000   0.3208
   7.500   1.2399   0.02342   0.01555  -0.0925  0.5029  1.0000  -2.4931   0.0000   0.0000   0.0000   0.3150
   8.000   1.2833   0.02367   0.01588  -0.0896  0.4714  1.0000  -2.7678   0.0000   0.0000   0.0000   0.3096
   8.500   1.3213   0.02400   0.01632  -0.0860  0.4372  1.0000  -3.0435   0.0000   0.0000   0.0000   0.3040
   9.500   1.3715   0.02508   0.01762  -0.0750  0.3515  1.0000  -3.5536   0.0000   0.0000   0.0000   0.2920
  10.000   1.3732   0.02660   0.01901  -0.0664  0.2922  1.0000  -3.7409   0.0000   0.0000   0.0000   0.2849
  10.500   1.3579   0.02981   0.02185  -0.0570  0.2241  1.0000  -3.8585   0.0000   0.0000   0.0000   0.2778
  11.000   1.3400   0.03447   0.02606  -0.0495  0.1721  1.0000  -3.9494   0.0000   0.0000   0.0000   0.2718
  11.500   1.3322   0.03929   0.03056  -0.0441  0.1396  1.0000  -4.0720   0.0000   0.0000   0.0000   0.2671
  12.000   1.3374   0.04366   0.03478  -0.0401  0.1173  1.0000  -4.2382   0.0000   0.0000   0.0000   0.2632
  12.500   1.3527   0.04759   0.03868  -0.0369  0.1011  1.0000  -4.4378   0.0000   0.0000   0.0000   0.2596
  13.000   1.3855   0.05101   0.04191  -0.0345  0.0883  1.0000  -4.7131   0.0000   0.0000   0.0000   0.2565
  13.500   1.4178   0.05485   0.04586  -0.0325  0.0790  1.0000  -4.9871   0.0000   0.0000   0.0000   0.2536
  14.000   1.4325   0.05955   0.05098  -0.0299  0.0729  1.0000  -5.1770   0.0000   0.0000   0.0000   0.2507
  14.500   1.4452   0.06519   0.05701  -0.0277  0.0683  1.0000  -5.3507   0.0000   0.0000   0.0000   0.2481
  15.000   1.4471   0.07128   0.06353  -0.0256  0.0650  1.0000  -5.4926   0.0000   0.0000   0.0000   0.2458


